W44-R 783.3054625 0 1.0 0.0
W44-Y 778.8858875 0 1.0 0.0
W44-G 774.4663125 0 1.0 0.0
W44-B 770.0467375 0 1.0 0.0
W43-R 765.6247625 0 1.0 0.0
W43-Y 761.2051875 0 1.0 0.0
W43-G 756.7856125 0 1.0 0.0
W43-B 752.3660375 0 1.0 0.0
W42-R 747.9554625 0 1.0 0.0
W42-Y 743.5358875 0 1.0 0.0
W42-G 739.1163125 0 1.0 0.0
W42-B 734.6967375 0 1.0 0.0
W41-R 730.2568625 0 1.0 0.0
W41-Y 725.8372875 0 1.0 0.0
W41-G 721.4177125 0 1.0 0.0
W41-B 716.9981375 0 1.0 0.0
W40-R 712.5925625 0 1.0 0.0
W40-Y 708.1729875 0 1.0 0.0
W40-G 703.7534125 0 1.0 0.0
W40-B 699.3338375 0 1.0 0.0
W39-R 694.9088625 0 1.0 0.0
W39-Y 690.4892875 0 1.0 0.0
W39-G 686.0697125 0 1.0 0.0
W39-B 681.6501375 0 1.0 0.0
W38-R 677.2316625 0 1.0 0.0
W38-Y 672.8120875 0 1.0 0.0
W38-G 668.3925125 0 1.0 0.0
W38-B 663.9729375 0 1.0 0.0
W37-R 659.5554625 0 1.0 0.0
W37-Y 655.1358875 0 1.0 0.0
W37-G 650.7163125 0 1.0 0.0
W37-B 646.2967375 0 1.0 0.0
W36-R 641.8823625 0 1.0 0.0
W36-Y 637.4627875 0 1.0 0.0
W36-G 633.0432125 0 1.0 0.0
W36-B 628.6236375 0 1.0 0.0
W35-R 624.1981625 0 1.0 0.0
W35-Y 619.7785875 0 1.0 0.0
W35-G 615.3590125 0 1.0 0.0
W35-B 610.9394375 0 1.0 0.0
W34-R 606.5159625 0 1.0 0.0
W34-Y 602.0963875 0 1.0 0.0
W34-G 597.6768125 0 1.0 0.0
W34-B 593.2572375 0 1.0 0.0
W33-R 588.8276625 0 1.0 0.0
W33-Y 584.4080875 0 1.0 0.0
W33-G 579.9885125 0 1.0 0.0
W33-B 575.5689375 0 1.0 0.0
W32-R 571.1670625 0 1.0 0.0
W32-Y 566.7474875 0 1.0 0.0
W32-G 562.3279125 0 1.0 0.0
W32-B 557.9083375 0 1.0 0.0
W31-R 553.4917625 0 1.0 0.0
W31-Y 549.0721875 0 1.0 0.0
W31-G 544.6526125 0 1.0 0.0
W31-B 540.2330375 0 1.0 0.0
W30-R 535.8123625 0 1.0 0.0
W30-Y 531.3927875 0 1.0 0.0
W30-G 526.9732125 0 1.0 0.0
W30-B 522.5536375 0 1.0 0.0
W29-R 518.1365625 0 1.0 0.0
W29-Y 513.7169875 0 1.0 0.0
W29-G 509.2974125 0 1.0 0.0
W29-B 504.8778375 0 1.0 0.0
W28-R 500.4610625 0 1.0 0.0
W28-Y 496.0414875 0 1.0 0.0
W28-G 491.6219125 0 1.0 0.0
W28-B 487.2023375 0 1.0 0.0
W27-R 482.7764625 0 1.0 0.0
W27-Y 478.3568875 0 1.0 0.0
W27-G 473.9373125 0 1.0 0.0
W27-B 469.5177375 0 1.0 0.0
W26-R 465.0914625 0 1.0 0.0
W26-Y 460.6718875 0 1.0 0.0
W26-G 456.2523125 0 1.0 0.0
W26-B 451.8327375 0 1.0 0.0
W25-R 447.4213625 0 1.0 0.0
W25-Y 443.0017875 0 1.0 0.0
W25-G 438.5822125 0 1.0 0.0
W25-B 434.1626375 0 1.0 0.0
W24-R 429.7264625 0 1.0 0.0
W24-Y 425.3068875 0 1.0 0.0
W24-G 420.8873125 0 1.0 0.0
W24-B 416.4677375 0 1.0 0.0
W23-R 412.0552625 0 1.0 0.0
W23-Y 407.6356875 0 1.0 0.0
W23-G 403.2161125 0 1.0 0.0
W23-B 398.7965375 0 1.0 0.0
W22-R 394.3806625 0 1.0 0.0
W22-Y 389.9610875 0 1.0 0.0
W22-G 385.5415125 0 1.0 0.0
W22-B 381.1219375 0 1.0 0.0
W21-R 376.6941625 0 1.0 0.0
W21-Y 372.2745875 0 1.0 0.0
W21-G 367.8550125 0 1.0 0.0
W21-B 363.4354375 0 1.0 0.0
W20-R 359.0195625 0 1.0 0.0
W20-Y 354.5999875 0 1.0 0.0
W20-G 350.1804125 0 1.0 0.0
W20-B 345.7608375 0 1.0 0.0
W19-R 341.3369625 0 1.0 0.0
W19-Y 336.9173875 0 1.0 0.0
W19-G 332.4978125 0 1.0 0.0
W19-B 328.0782375 0 1.0 0.0
W18-R 323.6559625 0 1.0 0.0
W18-Y 319.2363875 0 1.0 0.0
W18-G 314.8168125 0 1.0 0.0
W18-B 310.3972375 0 1.0 0.0
W17-R 305.9905625 0 1.0 0.0
W17-Y 301.5709875 0 1.0 0.0
W17-G 297.1514125 0 1.0 0.0
W17-B 292.7318375 0 1.0 0.0
W16-R 288.3057625 0 1.0 0.0
W16-Y 283.8861875 0 1.0 0.0
W16-G 279.4666125 0 1.0 0.0
W16-B 275.0470375 0 1.0 0.0
W15-R 270.6252625 0 1.0 0.0
W15-Y 266.2056875 0 1.0 0.0
W15-G 261.7861125 0 1.0 0.0
W15-B 257.3665375 0 1.0 0.0
W14-R 252.9424625 0 1.0 0.0
W14-Y 248.5228875 0 1.0 0.0
W14-G 244.1033125 0 1.0 0.0
W14-B 239.6837375 0 1.0 0.0
W13-R 235.2644625 0 1.0 0.0
W13-Y 230.8448875 0 1.0 0.0
W13-G 226.4253125 0 1.0 0.0
W13-B 222.0057375 0 1.0 0.0
W12-R 217.5945625 0 1.0 0.0
W12-Y 213.1749875 0 1.0 0.0
W12-G 208.7554125 0 1.0 0.0
W12-B 204.3358375 0 1.0 0.0
W11-R 199.9117625 0 1.0 0.0
W11-Y 195.4921875 0 1.0 0.0
W11-G 191.0726125 0 1.0 0.0
W11-B 186.6530375 0 1.0 0.0
W10-R 182.1463625 0 1.0 0.0
W10-Y 177.7267875 0 1.0 0.0
W10-G 173.3072125 0 1.0 0.0
W10-B 168.8876375 0 1.0 0.0
W09-R 164.4880625 0 1.0 0.0
W09-Y 160.0684875 0 1.0 0.0
W09-G 155.6489125 0 1.0 0.0
W09-B 151.2293375 0 1.0 0.0
W08-R 146.8063625 0 1.0 0.0
W08-Y 142.3867875 0 1.0 0.0
W08-G 137.9672125 0 1.0 0.0
W08-B 133.5476375 0 1.0 0.0
W07-R 129.1231625 0 1.0 0.0
W07-Y 124.7035875 0 1.0 0.0
W07-G 120.2840125 0 1.0 0.0
W07-B 115.8644375 0 1.0 0.0
W06-R 111.4386625 0 1.0 0.0
W06-Y 107.0190875 0 1.0 0.0
W06-G 102.5995125 0 1.0 0.0
W06-B 98.17993750 0 1.0 0.0
W05-R 93.77366250 0 1.0 0.0
W05-Y 89.35408750 0 1.0 0.0
W05-G 84.93451250 0 1.0 0.0
W05-B 80.51493750 0 1.0 0.0
W04-R 76.10446250 0 1.0 0.0
W04-Y 71.68488750 0 1.0 0.0
W04-G 67.26531250 0 1.0 0.0
W04-B 62.84573750 0 1.0 0.0
W03-R 58.41486250 0 1.0 0.0
W03-Y 53.99528750 0 1.0 0.0
W03-G 49.57571250 0 1.0 0.0
W03-B 45.15613750 0 1.0 0.0
W02-R 40.72626250 0 1.0 0.0
W02-Y 36.30668750 0 1.0 0.0
W02-G 31.88711250 0 1.0 0.0
W02-B 27.46753750 0 1.0 0.0
W01-R 23.05486250 0 1.0 0.0
W01-Y 18.63528750 0 1.0 0.0
W01-G 14.21571250 0 1.0 0.0
W01-B 9.796137500 0 1.0 0.0
E01-R 9.796137500 0 1.0 0.0
E01-Y 14.21571250 0 1.0 0.0
E01-G 18.63528750 0 1.0 0.0
E01-B 23.05486250 0 1.0 0.0
E02-R 27.46753750 0 1.0 0.0
E02-Y 31.88711250 0 1.0 0.0
E02-G 36.30668750 0 1.0 0.0
E02-B 40.72626250 0 1.0 0.0
E03-R 45.15613750 0 1.0 0.0
E03-Y 49.57571250 0 1.0 0.0
E03-G 53.99528750 0 1.0 0.0
E03-B 58.41486250 0 1.0 0.0
E04-R 62.84573750 0 1.0 0.0
E04-Y 67.26531250 0 1.0 0.0
E04-G 71.68488750 0 1.0 0.0
E04-B 76.10446250 0 1.0 0.0
E05-R 80.51493750 0 1.0 0.0
E05-Y 84.93451250 0 1.0 0.0
E05-G 89.35408750 0 1.0 0.0
E05-B 93.77366250 0 1.0 0.0
E06-R 98.17993750 0 1.0 0.0
E06-Y 102.5995125 0 1.0 0.0
E06-G 107.0190875 0 1.0 0.0
E06-B 111.4386625 0 1.0 0.0
E07-R 115.8644375 0 1.0 0.0
E07-Y 120.2840125 0 1.0 0.0
E07-G 124.7035875 0 1.0 0.0
E07-B 129.1231625 0 1.0 0.0
E08-R 133.5476375 0 1.0 0.0
E08-Y 137.9672125 0 1.0 0.0
E08-G 142.3867875 0 1.0 0.0
E08-B 146.8063625 0 1.0 0.0
E09-R 151.2293375 0 1.0 0.0
E09-Y 155.6489125 0 1.0 0.0
E09-G 160.0684875 0 1.0 0.0
E09-B 164.4880625 0 1.0 0.0
E10-R 168.8876375 0 1.0 0.0
E10-Y 173.3072125 0 1.0 0.0
E10-G 177.7267875 0 1.0 0.0
E10-B 182.1463625 0 1.0 0.0
E11-R 186.6530375 0 1.0 0.0
E11-Y 191.0726125 0 1.0 0.0
E11-G 195.4921875 0 1.0 0.0
E11-B 199.9117625 0 1.0 0.0
E12-R 204.3358375 0 1.0 0.0
E12-Y 208.7554125 0 1.0 0.0
E12-G 213.1749875 0 1.0 0.0
E12-B 217.5945625 0 1.0 0.0
E13-R 222.0057375 0 1.0 0.0
E13-Y 226.4253125 0 1.0 0.0
E13-G 230.8448875 0 1.0 0.0
E13-B 235.2644625 0 1.0 0.0
E14-R 239.6837375 0 1.0 0.0
E14-Y 244.1033125 0 1.0 0.0
E14-G 248.5228875 0 1.0 0.0
E14-B 252.9424625 0 1.0 0.0
E15-R 257.3665375 0 1.0 0.0
E15-Y 261.7861125 0 1.0 0.0
E15-G 266.2056875 0 1.0 0.0
E15-B 270.6252625 0 1.0 0.0
E16-R 275.0470375 0 1.0 0.0
E16-Y 279.4666125 0 1.0 0.0
E16-G 283.8861875 0 1.0 0.0
E16-B 288.3057625 0 1.0 0.0
E17-R 292.7318375 0 1.0 0.0
E17-Y 297.1514125 0 1.0 0.0
E17-G 301.5709875 0 1.0 0.0
E17-B 305.9905625 0 1.0 0.0
E18-R 310.3972375 0 1.0 0.0
E18-Y 314.8168125 0 1.0 0.0
E18-G 319.2363875 0 1.0 0.0
E18-B 323.6559625 0 1.0 0.0
E19-R 328.0782375 0 1.0 0.0
E19-Y 332.4978125 0 1.0 0.0
E19-G 336.9173875 0 1.0 0.0
E19-B 341.3369625 0 1.0 0.0
E20-R 345.7608375 0 1.0 0.0
E20-Y 350.1804125 0 1.0 0.0
E20-G 354.5999875 0 1.0 0.0
E20-B 359.0195625 0 1.0 0.0
E21-R 363.4354375 0 1.0 0.0
E21-Y 367.8550125 0 1.0 0.0
E21-G 372.2745875 0 1.0 0.0
E21-B 376.6941625 0 1.0 0.0
E22-R 381.1219375 0 1.0 0.0
E22-Y 385.5415125 0 1.0 0.0
E22-G 389.9610875 0 1.0 0.0
E22-B 394.3806625 0 1.0 0.0
E23-R 398.7965375 0 1.0 0.0
E23-Y 403.2161125 0 1.0 0.0
E23-G 407.6356875 0 1.0 0.0
E23-B 412.0552625 0 1.0 0.0
E24-R 416.4677375 0 1.0 0.0
E24-Y 420.8873125 0 1.0 0.0
E24-G 425.3068875 0 1.0 0.0
E24-B 429.7264625 0 1.0 0.0
E25-R 434.1626375 0 1.0 0.0
E25-Y 438.5822125 0 1.0 0.0
E25-G 443.0017875 0 1.0 0.0
E25-B 447.4213625 0 1.0 0.0
E26-R 451.8327375 0 1.0 0.0
E26-Y 456.2523125 0 1.0 0.0
E26-G 460.6718875 0 1.0 0.0
E26-B 465.0914625 0 1.0 0.0
E27-R 469.5177375 0 1.0 0.0
E27-Y 473.9373125 0 1.0 0.0
E27-G 478.3568875 0 1.0 0.0
E27-B 482.7764625 0 1.0 0.0
E28-R 487.2023375 0 1.0 0.0
E28-Y 491.6219125 0 1.0 0.0
E28-G 496.0414875 0 1.0 0.0
E28-B 500.4610625 0 1.0 0.0
E29-R 504.8778375 0 1.0 0.0
E29-Y 509.2974125 0 1.0 0.0
E29-G 513.7169875 0 1.0 0.0
E29-B 518.1365625 0 1.0 0.0
E30-R 522.5536375 0 1.0 0.0
E30-Y 526.9732125 0 1.0 0.0
E30-G 531.3927875 0 1.0 0.0
E30-B 535.8123625 0 1.0 0.0
E31-R 540.2330375 0 1.0 0.0
E31-Y 544.6526125 0 1.0 0.0
E31-G 549.0721875 0 1.0 0.0
E31-B 553.4917625 0 1.0 0.0
E32-R 557.9083375 0 1.0 0.0
E32-Y 562.3279125 0 1.0 0.0
E32-G 566.7474875 0 1.0 0.0
E32-B 571.1670625 0 1.0 0.0
E33-R 575.5689375 0 1.0 0.0
E33-Y 579.9885125 0 1.0 0.0
E33-G 584.4080875 0 1.0 0.0
E33-B 588.8276625 0 1.0 0.0
E34-R 593.2572375 0 1.0 0.0
E34-Y 597.6768125 0 1.0 0.0
E34-G 602.0963875 0 1.0 0.0
E34-B 606.5159625 0 1.0 0.0
E35-R 610.9394375 0 1.0 0.0
E35-Y 615.3590125 0 1.0 0.0
E35-G 619.7785875 0 1.0 0.0
E35-B 624.1981625 0 1.0 0.0
E36-R 628.6236375 0 1.0 0.0
E36-Y 633.0432125 0 1.0 0.0
E36-G 637.4627875 0 1.0 0.0
E36-B 641.8823625 0 1.0 0.0
E37-R 646.2967375 0 1.0 0.0
E37-Y 650.7163125 0 1.0 0.0
E37-G 655.1358875 0 1.0 0.0
E37-B 659.5554625 0 1.0 0.0
E38-R 663.9729375 0 1.0 0.0
E38-Y 668.3925125 0 1.0 0.0
E38-G 672.8120875 0 1.0 0.0
E38-B 677.2316625 0 1.0 0.0
E39-R 681.6501375 0 1.0 0.0
E39-Y 686.0697125 0 1.0 0.0
E39-G 690.4892875 0 1.0 0.0
E39-B 694.9088625 0 1.0 0.0
E40-R 699.3338375 0 1.0 0.0
E40-Y 703.7534125 0 1.0 0.0
E40-G 708.1729875 0 1.0 0.0
E40-B 712.5925625 0 1.0 0.0
E41-R 716.9981375 0 1.0 0.0
E41-Y 721.4177125 0 1.0 0.0
E41-G 725.8372875 0 1.0 0.0
E41-B 730.2568625 0 1.0 0.0
E42-R 734.6967375 0 1.0 0.0
E42-Y 739.1163125 0 1.0 0.0
E42-G 743.5358875 0 1.0 0.0
E42-B 747.9554625 0 1.0 0.0
E43-R 752.3660375 0 1.0 0.0
E43-Y 756.7856125 0 1.0 0.0
E43-G 761.2051875 0 1.0 0.0
E43-B 765.6247625 0 1.0 0.0
E44-R 770.0467375 0 1.0 0.0
E44-Y 774.4663125 0 1.0 0.0
E44-G 778.8858875 0 1.0 0.0
E44-B 783.3054625 0 1.0 0.0
ETB-B 10 0 1.0 0.0
ETB-G 10 0 1.0 0.0
ETB-Y 10 0 1.0 0.0
ETB-R 10 0 1.0 0.0
